0.999960 0.000010 0.000010 0.000010 0.000010
0.999956 0.000012 0.000012 0.000010 0.000010
0.843910 0.009861 0.002680 0.143540 0.000010
0.999960 0.000010 0.000010 0.000010 0.000010
0.999952 0.000018 0.000010 0.000010 0.000010
0.999956 0.000010 0.000014 0.000010 0.000010
0.999955 0.000010 0.000012 0.000013 0.000010
0.999951 0.000010 0.000014 0.000015 0.000010
0.999960 0.000010 0.000010 0.000010 0.000010
0.999935 0.000020 0.000018 0.000018 0.000010
0.999960 0.000010 0.000010 0.000010 0.000010
0.999954 0.000010 0.000010 0.000016 0.000010
0.999955 0.000015 0.000010 0.000011 0.000010
0.999954 0.000010 0.000016 0.000010 0.000010
0.999957 0.000012 0.000011 0.000010 0.000010
0.999960 0.000010 0.000010 0.000010 0.000010
0.999955 0.000010 0.000010 0.000015 0.000010
0.999960 0.000010 0.000010 0.000010 0.000010
0.999960 0.000010 0.000010 0.000010 0.000010
0.000010 0.084068 0.000010 0.017069 0.898843
0.000546 0.068192 0.002167 0.016916 0.912178
0.004258 0.077386 0.000010 0.020422 0.897924
0.010692 0.056085 0.000010 0.025504 0.907709
0.021020 0.055648 0.000010 0.014205 0.909118
0.022434 0.056615 0.000010 0.026999 0.893942
0.019199 0.064409 0.000010 0.017057 0.899325
0.014683 0.069519 0.000010 0.031392 0.884396
0.013979 0.064310 0.000010 0.011790 0.909910
0.003280 0.045902 0.000010 0.030608 0.920201
0.022499 0.054919 0.000010 0.023182 0.899390
0.034672 0.077046 0.000010 0.011989 0.876283
0.016961 0.072950 0.000010 0.018947 0.891133
0.023661 0.060707 0.000010 0.013685 0.901937
0.000010 0.000010 0.000010 0.999960 0.000010
0.000010 0.000010 0.000010 0.999960 0.000010
0.000012 0.000010 0.000012 0.999956 0.000010
0.000012 0.000010 0.000017 0.999950 0.000010
0.000010 0.000010 0.000010 0.999960 0.000010
0.000013 0.000010 0.000010 0.999957 0.000010
0.000010 0.000011 0.000010 0.999959 0.000010
0.000010 0.000010 0.000010 0.999960 0.000010
0.000010 0.000010 0.000010 0.999960 0.000010
0.000010 0.000010 0.000017 0.999953 0.000010
0.000012 0.000016 0.000020 0.999943 0.000010
0.000013 0.000016 0.000012 0.999950 0.000010
0.000013 0.000011 0.000010 0.999955 0.000010
0.000012 0.000018 0.000010 0.999950 0.000010
0.000015 0.000012 0.000014 0.999949 0.000010
0.019112 0.842275 0.001255 0.014479 0.122878
0.033306 0.842973 0.000010 0.024898 0.098813
0.009043 0.849504 0.000010 0.019930 0.121512
0.024787 0.795261 0.035060 0.023850 0.121042
0.041111 0.820596 0.000010 0.005839 0.132443
0.025003 0.849356 0.000010 0.034987 0.090645
0.051488 0.795917 0.021940 0.020796 0.109860
0.013056 0.820778 0.000010 0.026139 0.140017
0.024626 0.838230 0.000010 0.015126 0.122008
0.021541 0.820999 0.000010 0.033999 0.123452
0.012031 0.799404 0.032786 0.030562 0.125218
0.029034 0.814431 0.016091 0.017311 0.123132
0.041745 0.822943 0.000010 0.025803 0.109499
0.020148 0.832450 0.000010 0.023344 0.124049
0.025312 0.825475 0.000010 0.027926 0.121276
0.000010 0.653997 0.345973 0.000010 0.000010
0.000010 0.678666 0.321304 0.000010 0.000010
0.000010 0.697467 0.302503 0.000010 0.000010
0.000011 0.706611 0.293358 0.000010 0.000010
0.000010 0.730135 0.269835 0.000010 0.000010
0.000010 0.669620 0.330350 0.000010 0.000010
0.000014 0.648278 0.351687 0.000010 0.000010
0.000010 0.692547 0.307423 0.000010 0.000010
0.000010 0.623749 0.376221 0.000010 0.000010
0.000014 0.656085 0.343881 0.000010 0.000010
0.000010 0.681683 0.318287 0.000010 0.000010
0.000010 0.689670 0.310300 0.000010 0.000010
0.000010 0.700116 0.299854 0.000010 0.000010
0.000010 0.715968 0.284002 0.000010 0.000010
0.000010 0.647365 0.352605 0.000010 0.000010
0.000010 0.657956 0.240738 0.000010 0.101287
0.000010 0.680068 0.319895 0.000017 0.000010
0.000010 0.750636 0.249334 0.000010 0.000010
0.000010 0.733840 0.266129 0.000010 0.000010
0.000010 0.759769 0.240201 0.000010 0.000010
0.000010 0.703897 0.296073 0.000010 0.000010
0.000010 0.581429 0.224722 0.000010 0.193829
0.000010 0.711650 0.288320 0.000010 0.000010
0.000010 0.666879 0.281509 0.000010 0.051592
0.000010 0.724409 0.226390 0.000010 0.049181
0.000010 0.731546 0.268424 0.000010 0.000010
0.000010 0.727694 0.272276 0.000010 0.000010
0.000010 0.664095 0.335875 0.000010 0.000010
0.000010 0.700645 0.299325 0.000010 0.000010
0.000010 0.020916 0.000010 0.000010 0.979054
0.000010 0.001166 0.000010 0.000010 0.998804
0.000010 0.000010 0.000010 0.000010 0.999960
0.000010 0.000010 0.010171 0.000010 0.989799
0.000010 0.017838 0.000010 0.000010 0.982132
0.000010 0.000010 0.000010 0.000010 0.999960
0.000010 0.016308 0.000010 0.000010 0.983662
0.000010 0.000010 0.000010 0.000010 0.999960
0.000010 0.000010 0.000010 0.000010 0.999960
0.000010 0.002168 0.000010 0.000010 0.997802
0.000010 0.000010 0.008105 0.000010 0.991865
0.000010 0.003572 0.000010 0.000010 0.996398
0.000010 0.000010 0.000010 0.000010 0.999960
0.000010 0.010840 0.000010 0.000010 0.989130
0.000010 0.000010 0.000010 0.000010 0.999960
0.999956 0.000010 0.000010 0.000014 0.000010
0.999960 0.000010 0.000010 0.000010 0.000010
0.999960 0.000010 0.000010 0.000010 0.000010
0.999960 0.000010 0.000010 0.000010 0.000010
0.999414 0.000010 0.000556 0.000010 0.000010
0.999960 0.000010 0.000010 0.000010 0.000010
0.999952 0.000016 0.000010 0.000012 0.000010
0.999957 0.000013 0.000010 0.000010 0.000010
0.999960 0.000010 0.000010 0.000010 0.000010
0.999955 0.000010 0.000014 0.000011 0.000010
0.999954 0.000010 0.000010 0.000016 0.000010
0.999956 0.000010 0.000012 0.000012 0.000010
0.985739 0.000252 0.013989 0.000010 0.000010
0.999955 0.000010 0.000010 0.000015 0.000010
0.000010 0.005240 0.000010 0.007831 0.986909
0.000010 0.027370 0.000010 0.000010 0.972600
0.000010 0.016594 0.000010 0.000010 0.983376
0.000010 0.015198 0.000010 0.000010 0.984772
0.000010 0.019367 0.000010 0.000010 0.980603
0.000010 0.019578 0.000010 0.000010 0.980392
0.000010 0.015467 0.000010 0.000010 0.984503
0.000010 0.013564 0.000010 0.004405 0.982011
0.000010 0.000019 0.000010 0.000010 0.999951
0.000010 0.000010 0.000010 0.000010 0.999960
0.000010 0.000010 0.000010 0.000010 0.999960
0.000010 0.000010 0.000010 0.000010 0.999960
0.000010 0.000010 0.010902 0.000010 0.989068
0.000010 0.000010 0.000010 0.000010 0.999960
0.000010 0.000010 0.000010 0.000010 0.999960
0.000011 0.000010 0.000010 0.000010 0.999958
0.000010 0.000012 0.000010 0.000010 0.999958
0.000011 0.000010 0.000010 0.000010 0.999959
0.000012 0.000010 0.000010 0.000010 0.999958
0.000010 0.000010 0.000010 0.000010 0.999960
0.000011 0.000010 0.000010 0.000010 0.999959
0.000010 0.000010 0.000010 0.000010 0.999960
0.000010 0.000012 0.000010 0.000010 0.999958
0.000010 0.000010 0.000015 0.000010 0.999955
0.000011 0.000010 0.000011 0.000010 0.999958
0.000010 0.102066 0.044742 0.000010 0.853172
0.000010 0.000010 0.000010 0.000010 0.999960
0.000010 0.000010 0.000014 0.000010 0.999956
0.000013 0.000010 0.000010 0.000010 0.999957
0.000010 0.000010 0.000014 0.000010 0.999956
0.000010 0.000010 0.000010 0.000010 0.999960
0.000011 0.000015 0.000010 0.000010 0.999954
0.000011 0.000010 0.000011 0.000010 0.999958
0.000010 0.000010 0.000010 0.000010 0.999960
0.000010 0.000010 0.000010 0.000010 0.999960
0.000010 0.000010 0.000010 0.000010 0.999960
0.000010 0.000010 0.000010 0.000010 0.999960
0.000012 0.755648 0.244320 0.000010 0.000010
0.000010 0.680296 0.319674 0.000010 0.000010
0.000010 0.716513 0.283452 0.000015 0.000010
0.000010 0.708245 0.291725 0.000010 0.000010
0.000018 0.733481 0.266481 0.000010 0.000010
0.000010 0.715043 0.284927 0.000010 0.000010
0.000010 0.705935 0.294035 0.000010 0.000010
0.000010 0.677732 0.322238 0.000010 0.000010
0.000010 0.000010 0.999960 0.000010 0.000010
0.000010 0.000010 0.999960 0.000010 0.000010
0.000010 0.000013 0.999955 0.000012 0.000010
0.000010 0.000014 0.999956 0.000010 0.000010
0.000011 0.000010 0.999958 0.000011 0.000010
0.000010 0.000010 0.999959 0.000011 0.000010
0.000010 0.000010 0.999960 0.000010 0.000010
0.000010 0.000010 0.999960 0.000010 0.000010
0.000010 0.000010 0.999960 0.000010 0.000010
0.000010 0.000010 0.999960 0.000010 0.000010
0.000010 0.000010 0.999960 0.000010 0.000010
0.000010 0.000015 0.999955 0.000010 0.000010
0.000010 0.000010 0.999960 0.000010 0.000010
0.000010 0.000010 0.999960 0.000010 0.000010
0.000010 0.000010 0.999960 0.000010 0.000010
0.001896 0.071484 0.000010 0.005734 0.920876
0.000010 0.061673 0.000010 0.007462 0.930845
0.000010 0.053669 0.000010 0.014378 0.931934
0.000010 0.062832 0.000010 0.009658 0.927490
0.000010 0.058151 0.000010 0.018317 0.923512
0.000010 0.059382 0.000010 0.014980 0.925618
0.025707 0.073571 0.000010 0.010618 0.890093
0.000010 0.059481 0.000010 0.013904 0.926596
0.000010 0.055729 0.000010 0.019430 0.924822
0.000010 0.063864 0.000010 0.024920 0.911196
0.001610 0.046532 0.000010 0.011582 0.940266
0.011325 0.059186 0.000010 0.002866 0.926613
0.000010 0.679311 0.320659 0.000010 0.000010
0.000019 0.717674 0.282287 0.000010 0.000010
0.000010 0.793934 0.206036 0.000010 0.000010
0.000010 0.704857 0.295108 0.000015 0.000010
0.000010 0.728384 0.271586 0.000010 0.000010
0.000018 0.694841 0.305121 0.000010 0.000010
0.000010 0.745394 0.254576 0.000010 0.000010
0.000010 0.712630 0.287340 0.000010 0.000010
0.000013 0.725388 0.274578 0.000010 0.000010
0.000010 0.709497 0.290473 0.000010 0.000010
0.000010 0.706310 0.293660 0.000010 0.000010
0.024061 0.757104 0.218815 0.000010 0.000010
0.000010 0.721271 0.278699 0.000010 0.000010
0.000010 0.713326 0.286644 0.000010 0.000010
0.999958 0.000012 0.000010 0.000010 0.000010
0.999956 0.000011 0.000010 0.000013 0.000010
0.999960 0.000010 0.000010 0.000010 0.000010
0.999958 0.000010 0.000010 0.000012 0.000010
0.999950 0.000010 0.000010 0.000020 0.000010
0.999960 0.000010 0.000010 0.000010 0.000010
0.999960 0.000010 0.000010 0.000010 0.000010
0.615562 0.000010 0.000010 0.000010 0.384408
0.999958 0.000010 0.000012 0.000010 0.000010
0.773670 0.000010 0.000010 0.000010 0.226300
0.025048 0.846049 0.000010 0.024109 0.104784
0.026188 0.817618 0.028576 0.011852 0.115766
0.036987 0.806297 0.000010 0.025984 0.130722
0.027887 0.819493 0.000010 0.028215 0.124395
0.023403 0.782242 0.037239 0.024199 0.132917
0.021746 0.834866 0.000010 0.018939 0.124439
0.015164 0.833621 0.002277 0.023631 0.125307
0.035053 0.821601 0.000010 0.033237 0.110099
0.030498 0.791766 0.029110 0.027741 0.120884
0.036840 0.810009 0.016836 0.013633 0.122682
0.024714 0.803594 0.022638 0.018776 0.130278
0.047823 0.824357 0.000010 0.011467 0.116343
0.051072 0.825118 0.004601 0.007463 0.111747
0.000012 0.000013 0.000010 0.999955 0.000010
0.000012 0.000010 0.000011 0.999956 0.000010
0.000013 0.000010 0.000010 0.999957 0.000010
0.000012 0.000020 0.000010 0.999948 0.000010
0.000012 0.000010 0.000010 0.999958 0.000010
0.000010 0.000010 0.000010 0.999960 0.000010
0.000012 0.000010 0.000010 0.999958 0.000010
0.000012 0.000010 0.000010 0.999958 0.000010
0.000012 0.000015 0.000010 0.999953 0.000010
0.000010 0.000011 0.000010 0.999959 0.000010
0.000010 0.000010 0.000010 0.999960 0.000010
0.000010 0.000011 0.000010 0.999959 0.000010
0.000010 0.000010 0.000010 0.999960 0.000010
0.000013 0.000010 0.000010 0.999957 0.000010
0.000012 0.000010 0.000013 0.999954 0.000010
0.000012 0.000012 0.000012 0.999954 0.000010
0.000010 0.000011 0.000011 0.999958 0.000010
0.000010 0.000012 0.000015 0.999952 0.000010
0.000010 0.000011 0.000010 0.999959 0.000010
0.000012 0.000010 0.000010 0.999958 0.000010
0.000010 0.000011 0.000010 0.999959 0.000010
0.000013 0.000010 0.000019 0.999948 0.000010
0.000011 0.000010 0.000012 0.999957 0.000010
0.000012 0.000010 0.000018 0.999950 0.000010
0.000010 0.000010 0.000010 0.999960 0.000010
0.000012 0.000010 0.000010 0.999958 0.000010
0.000015 0.000011 0.000017 0.999947 0.000010
0.000012 0.000013 0.000011 0.999954 0.000010
0.000010 0.000010 0.000010 0.999960 0.000010
0.000010 0.000010 0.000010 0.999960 0.000010
